comuMerged,units,Prior Round Obligations (1987-1999),Present Need (2015),Gap Present Need (2015),Prospective Need (2015-2025),Total,Prospective + Gap Present
0101,403,144,51,40,15,250,55
0102,4813,2458,828,0,0,3286,0
0103,13,124,38,28,175,365,203
0104,238,41,7,10,15,73,25
0105,0,19,67,22,11,119,33
0106,0,13,1,8,14,36,22
0107,327,42,52,16,0,110,16
0108,472,763,101,289,251,1404,540
0109,0,21,0,15,10,46,25
0110,0,20,1,15,10,46,25
0111,549,328,178,193,142,841,335
0112,213,349,115,137,64,665,201
0113,176,257,223,89,42,611,131
0114,5,140,7,37,33,217,70
0115,0,59,3,15,69,146,84
0116,74,96,50,28,174,348,202
0117,57,40,0,22,24,86,46
0118,43,190,6,41,27,264,68
0119,684,0,288,0,0,288,0
0120,0,19,0,14,7,40,21
0121,242,103,19,52,19,193,71
0122,348,27,0,19,0,46,19
0123,0,15,6,14,8,43,22
0201,4,137,14,218,199,568,417
0202,16,214,4,122,0,340,122
0203,141,87,152,140,176,555,316
0204,11,13,71,57,58,199,115
0205,1,228,34,287,188,737,475
0206,366,28,143,89,186,446,275
0207,78,110,0,135,217,462,352
0208,85,70,43,103,134,350,237
0209,5,66,0,155,165,386,320
0210,199,34,39,96,139,308,235
0211,24,54,44,132,114,344,246
0212,269,90,187,388,381,1046,769
0213,622,28,0,283,341,652,624
0214,19,74,56,108,130,368,238
0215,711,152,380,394,425,1351,819
0216,0,219,0,160,205,584,365
0217,131,152,167,278,308,905,586
0218,393,20,227,80,114,441,194
0219,921,180,264,163,264,871,427
0220,11,358,33,539,170,1100,709
0221,632,0,96,0,0,96,0
0222,23,118,15,146,155,434,301
0223,1306,201,568,0,0,769,0
0224,0,56,4,70,98,228,168
0225,31,58,68,104,136,366,240
0226,6,64,0,115,108,287,223
0227,144,111,14,118,140,383,258
0228,1,83,10,138,143,374,281
0229,123,30,77,71,141,319,212
0230,1,28,147,94,88,357,182
0231,22,0,156,0,0,156,0
0232,282,100,216,427,384,1127,811
0233,704,350,68,436,803,1657,1239
0234,141,36,26,112,143,317,255
0235,181,54,26,89,93,262,182
0236,136,255,2,253,233,743,486
0237,6,95,31,105,97,328,202
0238,13,23,39,97,109,268,206
0239,13,4,164,251,213,632,464
0240,92,86,3,98,114,301,212
0241,52,118,0,124,143,385,267
0242,18,220,25,148,288,681,436
0243,8,98,10,130,170,408,300
0244,0,89,14,139,153,395,292
0245,98,0,136,146,301,583,447
0246,187,698,141,1098,627,2564,1725
0247,83,112,115,96,129,452,225
0248,231,189,53,438,416,1096,854
0249,18,47,143,148,188,526,336
0250,108,25,154,117,101,397,218
0251,184,229,6,316,344,895,660
0252,0,73,42,95,102,312,197
0253,134,121,20,120,148,409,268
0254,19,64,0,80,83,227,163
0255,16,84,0,15,0,99,15
0256,73,95,170,201,205,671,406
0257,47,127,38,166,181,512,347
0258,112,162,45,244,0,451,244
0259,26,50,59,85,86,280,171
0260,405,192,89,291,347,919,638
0261,73,159,24,184,283,650,467
0262,5,106,0,5,0,111,5
0263,8,206,8,257,272,743,529
0264,34,81,62,111,121,375,232
0265,374,5,90,68,57,220,125
0266,13,85,0,144,151,380,295
0267,213,87,52,157,173,469,330
0268,4,170,18,259,126,573,385
0269,21,38,0,79,91,208,170
0270,11,221,34,337,367,959,704
0301,0,15,0,18,22,55,40
0302,401,18,0,7,13,38,20
0303,185,33,38,21,30,122,51
0304,214,211,3,144,137,495,281
0305,548,89,21,35,54,199,89
0306,42,445,35,298,278,1056,576
0307,41,55,25,67,78,225,145
0308,81,331,12,103,114,560,217
0309,222,61,1,39,42,143,81
0310,198,208,24,134,134,500,268
0311,111,49,0,43,51,143,94
0312,83,30,43,45,41,159,86
0313,667,534,94,302,295,1225,597
0314,0,19,0,19,22,60,41
0315,187,114,85,128,138,465,266
0316,12,150,0,91,94,335,185
0317,234,152,0,100,100,352,200
0318,96,114,0,134,131,379,265
0319,588,0,23,97,116,236,213
0320,236,418,18,221,205,862,426
0321,0,60,0,41,48,149,89
0322,339,621,32,390,382,1425,772
0323,228,0,18,41,148,207,189
0324,687,815,59,611,584,2069,1195
0325,0,4,0,25,24,53,49
0326,132,1,0,22,42,65,64
0327,1,39,7,35,37,118,72
0328,1,9,0,17,20,46,37
0329,617,0,8,94,123,225,217
0330,0,6,26,11,14,57,25
0331,0,15,0,34,30,79,64
0332,0,84,29,57,58,228,115
0333,0,85,31,49,77,242,126
0334,22,54,4,48,46,152,94
0335,0,106,0,80,82,268,162
0336,0,11,1,15,29,56,44
0337,219,221,25,272,257,775,529
0338,304,268,103,72,0,443,72
0339,0,19,2,26,28,75,54
0340,81,10,3,4,5,22,9
0401,14,0,53,48,44,145,92
0402,0,4,0,2,2,8,4
0403,284,8,17,27,60,112,87
0404,163,107,25,30,36,198,66
0405,199,154,37,71,67,329,138
0406,117,109,39,93,119,360,212
0407,22,23,0,17,16,56,33
0408,6667,0,1125,0,0,1125,0
0409,1335,1829,276,427,432,2964,859
0410,45,28,8,27,37,100,64
0411,7,19,51,22,23,115,45
0412,144,0,40,38,42,120,80
0413,6,112,21,49,48,230,97
0414,393,0,118,20,0,138,20
0415,1104,359,98,371,342,1170,713
0416,257,35,39,63,65,202,128
0417,56,192,7,118,121,438,239
0418,148,23,15,55,52,145,107
0419,0,0,5,4,3,12,7
0420,0,17,2,23,23,65,46
0421,171,33,0,39,45,117,84
0422,642,0,151,0,0,151,0
0423,0,22,15,19,26,82,45
0424,91,0,0,21,14,35,35
0425,1,33,1,19,29,82,48
0426,0,1,10,21,14,46,35
0427,772,0,163,0,0,163,0
0428,981,22,8,45,55,130,100
0429,0,47,0,1,0,48,1
0430,91,40,28,39,38,145,77
0431,45,95,0,17,18,130,35
0432,5,70,12,24,35,141,59
0433,0,80,0,1,0,81,1
0434,662,456,205,249,237,1147,486
0435,72,102,0,60,66,228,126
0436,869,377,41,281,344,1043,625
0437,0,0,16,1,0,17,1
0501,0,234,0,39,126,399,165
0502,29,58,5,63,37,163,100
0503,7,34,0,6,19,59,25
0504,8,220,59,62,43,384,105
0505,535,324,45,69,126,564,195
0506,267,454,57,144,119,774,263
0507,166,80,16,27,87,210,114
0508,232,411,61,88,1123,1683,1211
0509,0,109,0,28,233,370,261
0510,0,141,0,30,72,243,102
0511,19,317,11,108,60,496,168
0512,29,7,0,12,17,36,29
0513,0,33,3,7,20,63,27
0514,203,113,20,58,93,284,151
0515,16,42,31,29,73,175,102
0516,826,88,0,36,19,143,55
0601,1137,0,388,0,0,388,0
0602,47,45,11,10,34,100,44
0603,0,41,0,16,22,79,38
0604,0,10,10,5,20,45,25
0605,0,79,36,46,32,193,78
0606,0,13,10,10,5,38,15
0607,172,114,0,65,30,209,95
0608,0,10,7,15,4,36,19
0609,0,22,5,17,26,70,43
0610,121,0,202,207,0,409,207
0611,0,7,3,10,5,25,15
0612,0,14,0,12,6,32,18
0613,283,242,24,131,93,490,224
0614,193,0,382,0,0,382,0
0701,192,0,1071,0,0,1071,0
0702,402,0,483,0,0,483,0
0703,16,0,14,51,35,100,86
0704,278,70,15,143,117,345,260
0705,3955,0,711,0,0,711,0
0706,0,40,0,118,24,182,142
0707,5,318,46,299,230,893,529
0708,3,28,24,112,113,277,225
0709,1182,0,832,0,0,832,0
0710,217,375,15,402,363,1155,765
0711,265,51,109,154,125,439,279
0712,3,261,140,506,609,1516,1115
0713,938,0,4,0,0,4,0
0714,22251,0,4258,0,0,4258,0
0715,5,63,35,163,142,403,305
0716,255,29,401,85,79,594,164
0717,3011,0,1319,0,0,1319,0
0718,83,182,0,175,147,504,322
0719,148,63,0,99,93,255,192
0720,163,24,0,111,104,239,215
0721,27,200,48,214,192,654,406
0722,998,226,362,500,319,1407,819
0801,242,94,44,57,68,263,125
0802,527,522,89,413,433,1457,846
0803,115,252,54,164,149,619,313
0804,19,127,6,118,116,367,234
0805,2,166,52,225,245,688,470
0806,697,0,13,116,171,300,287
0807,62,308,0,38,44,390,82
0808,269,198,0,283,282,763,565
0809,0,455,0,322,96,873,418
0810,224,292,57,202,192,743,394
0811,463,439,140,0,0,579,0
0812,0,28,6,19,23,76,42
0813,0,14,3,15,15,47,30
0814,207,0,93,29,39,161,68
0815,29,40,37,38,36,151,74
0816,1,31,0,53,51,135,104
0817,45,23,22,32,31,108,63
0818,596,507,175,434,408,1524,842
0819,4,30,0,45,44,119,89
0820,101,368,15,241,231,855,472
0821,0,27,0,21,22,70,43
0822,605,0,30,0,0,30,0
0823,0,55,8,38,34,135,72
0824,192,209,0,227,205,641,432
0901,2059,0,543,0,0,543,0
0902,0,2,7,13,8,30,21
0903,251,23,48,55,74,200,129
0904,268,30,214,112,103,459,215
0905,294,0,252,0,0,252,0
0906,11088,0,3819,0,0,3819,0
0907,249,211,188,595,467,1461,1062
0908,1883,0,579,0,0,579,0
0909,513,590,46,640,634,1910,1274
0910,1139,0,1432,0,0,1432,0
0911,263,3,129,0,0,132,0
0912,238,0,593,0,0,593,0
1001,22,22,21,78,165,286,243
1002,0,42,2,75,92,211,167
1003,0,17,1,22,28,68,50
1004,0,21,0,40,38,99,78
1005,67,51,12,54,69,186,123
1006,109,335,10,121,430,896,551
1007,37,23,14,54,74,165,128
1008,22,40,1,62,77,180,139
1009,163,38,43,18,0,99,18
1010,31,36,0,46,56,138,102
1011,11,2,0,26,23,51,49
1012,17,7,4,10,16,37,26
1013,84,2,9,18,22,51,40
1014,12,27,29,33,51,140,84
1015,17,17,56,39,56,168,95
1016,9,19,2,62,70,153,132
1017,226,0,42,49,56,147,105
1018,4,34,2,51,60,147,111
1019,41,28,0,60,77,165,137
1020,11,5,0,19,37,61,56
1021,257,360,20,392,465,1237,857
1022,302,394,79,481,564,1518,1045
1023,8,6,0,32,15,53,47
1024,59,119,0,122,150,391,272
1025,11,78,1,87,138,304,225
1026,17,16,0,53,64,133,117
1101,384,367,57,270,223,917,493
1102,498,481,115,292,227,1115,519
1103,1051,706,484,637,502,2329,1139
1104,154,45,39,39,29,152,68
1105,0,29,16,53,48,146,101
1106,424,520,0,653,582,1755,1235
1107,1163,891,53,390,323,1657,713
1108,229,52,70,72,62,256,134
1111,6501,0,941,0,0,941,0
1112,308,293,18,384,338,1033,722
1113,699,899,132,793,706,2530,1499
1114,1332,641,80,388,365,1474,753
1201,632,0,21,0,0,21,0
1202,244,217,3,265,0,485,265
1203,3,0,0,34,16,50,50
1204,864,648,79,455,488,1670,943
1205,1805,965,569,935,1083,3552,2018
1206,13,26,6,24,31,87,55
1207,279,0,39,55,0,94,55
1208,62,8,32,32,19,91,51
1209,1229,439,181,586,594,1800,1180
1210,279,99,70,146,182,497,328
1211,1,105,67,69,88,329,157
1212,0,64,35,71,57,227,128
1213,407,554,91,801,867,2313,1668
1214,2402,0,1298,0,0,1298,0
1215,778,395,196,318,307,1216,625
1216,1656,0,335,0,0,335,0
1217,698,736,277,477,496,1986,973
1218,329,205,3,346,349,903,695
1219,428,261,129,304,314,1008,618
1220,253,0,35,40,34,109,74
1221,703,841,115,1036,1157,3149,2193
1222,298,379,45,209,260,893,469
1223,148,0,152,52,18,222,70
1224,198,48,11,46,52,157,98
1225,1407,955,321,0,0,1276,0
1301,0,50,4,37,7,98,44
1302,0,28,9,45,39,121,84
1303,1803,0,290,0,0,290,0
1304,237,86,77,58,43,264,101
1305,0,20,0,35,60,115,95
1306,102,59,60,49,96,264,145
1307,1,20,14,37,38,109,75
1308,0,159,11,86,109,365,195
1309,88,218,14,164,142,538,306
1310,0,54,2,33,36,125,69
1311,405,504,124,202,180,1010,382
1312,34,65,27,44,39,175,83
1313,0,135,0,111,125,371,236
1314,19,19,2,21,19,61,40
1315,78,188,287,68,44,587,112
1316,77,1036,92,813,696,2637,1509
1317,172,20,65,33,39,157,72
1318,313,768,37,144,127,1076,271
1319,789,955,81,466,429,1931,895
1320,0,40,3,62,11,116,73
1321,564,0,132,21,32,185,53
1322,495,1,18,49,41,109,90
1323,4,197,8,111,117,433,228
1324,0,31,0,16,0,47,16
1325,183,0,375,0,0,375,0
1326,478,706,107,423,385,1621,808
1327,19,149,1,81,179,410,260
1328,321,1019,112,601,528,2260,1129
1329,218,141,75,84,73,373,157
1330,152,270,93,138,144,645,282
1331,953,1561,181,500,526,2768,1026
1332,35,81,25,107,124,337,231
1333,0,70,0,59,62,191,121
1334,124,0,95,0,180,275,180
1335,69,33,14,38,33,118,71
1336,1139,622,94,356,326,1398,682
1337,263,873,88,242,221,1424,463
1338,211,149,0,68,73,290,141
1339,384,407,24,206,196,833,402
1340,443,427,142,178,135,882,313
1341,2,29,7,23,25,84,48
1342,2,268,29,104,231,632,335
1343,4,37,12,50,56,155,106
1344,0,115,0,60,111,286,171
1345,6,277,11,134,124,546,258
1346,0,12,26,11,22,71,33
1347,0,30,4,23,43,100,66
1348,7,132,13,82,165,392,247
1349,0,76,21,60,85,242,145
1350,79,83,61,36,57,237,93
1351,12,43,48,95,96,282,191
1352,531,1073,113,761,751,2698,1512
1353,177,219,14,86,82,401,168
1401,226,11,43,109,93,256,202
1402,44,20,25,45,68,158,113
1403,92,16,35,75,65,191,140
1404,16,77,0,119,145,341,264
1405,78,83,59,169,204,515,373
1406,5,16,11,54,57,138,111
1407,26,32,29,88,93,242,181
1408,321,325,46,473,375,1219,848
1409,439,6,305,79,66,456,145
1410,74,262,37,383,392,1074,775
1411,378,326,73,289,271,959,560
1412,448,356,29,486,411,1282,897
1413,34,83,0,74,103,260,177
1414,85,69,70,101,190,430,291
1415,58,73,0,82,81,236,163
1416,155,74,11,130,97,312,227
1417,261,86,6,244,256,592,500
1418,37,25,11,63,89,188,152
1419,38,41,25,72,88,226,160
1420,12,61,0,130,46,237,176
1421,412,261,18,390,391,1060,781
1422,43,293,30,331,285,939,616
1423,221,144,35,87,112,378,199
1424,693,138,150,126,117,531,243
1425,1,80,1,187,84,352,271
1426,18,17,15,58,69,159,127
1427,697,45,145,183,294,667,477
1428,2,0,20,18,18,56,36
1429,915,664,189,717,597,2167,1314
1430,18,62,14,82,94,252,176
1431,265,134,80,162,187,563,349
1432,292,261,33,252,391,937,643
1433,18,58,2,135,116,311,251
1434,16,43,18,71,58,190,129
1435,255,370,26,224,343,963,567
1436,25,255,26,367,474,1122,841
1437,0,0,15,3,2,20,5
1438,94,66,10,121,146,343,267
1439,12,42,108,60,84,294,144
1501,0,329,57,271,246,903,517
1502,0,84,12,30,27,153,57
1503,0,65,0,60,32,157,92
1504,0,70,1,45,73,189,118
1505,44,123,2,53,70,248,123
1506,704,610,84,419,436,1549,855
1507,158,930,287,0,620,1837,620
1508,0,2233,269,1095,1395,4992,2490
1509,0,36,0,40,35,111,75
1510,0,37,1,23,15,76,38
1511,631,31,3,35,40,109,75
1512,354,1247,49,995,866,3157,1861
1513,0,580,70,254,286,1190,540
1514,922,66,18,28,17,129,45
1515,0,0,622,0,0,622,0
1516,266,82,0,25,76,183,101
1517,0,194,170,271,285,920,556
1518,476,41,15,60,230,346,290
1519,0,370,140,558,425,1493,983
1520,161,59,0,34,0,93,34
1521,0,236,5,108,143,492,251
1522,5,12,10,23,22,67,45
1523,0,41,3,41,36,121,77
1524,1,47,13,89,54,203,143
1525,45,343,9,117,191,660,308
1526,91,167,30,103,140,440,243
1527,0,0,137,32,32,201,64
1528,0,52,28,25,62,167,87
1529,0,71,0,43,82,196,125
1530,588,51,26,36,32,145,68
1531,0,555,144,307,374,1380,681
1532,5,49,3,38,82,172,120
1533,458,69,30,47,54,200,101
1601,15,168,51,71,177,467,248
1602,1037,379,1802,0,0,2181,0
1603,4,5,76,83,61,225,144
1604,2,58,93,163,135,449,298
1605,0,101,139,152,156,548,308
1606,65,92,0,171,158,421,329
1607,1336,0,5282,0,0,5282,0
1608,4519,0,3808,0,0,3808,0
1609,15,102,49,125,140,416,265
1610,5,0,35,65,38,138,103
1611,26,51,10,92,107,260,199
1612,116,247,125,268,242,882,510
1613,81,332,68,174,131,705,305
1614,941,1158,245,1169,1102,3674,2271
1615,153,98,70,164,179,511,343
1616,4,146,224,174,157,701,331
1701,0,17,0,17,6,40,23
1702,0,12,0,15,5,32,20
1703,0,26,10,10,10,56,20
1704,0,26,3,15,8,52,23
1705,0,19,2,23,15,59,38
1706,0,183,0,82,38,303,120
1707,417,4,65,0,0,69,0
1708,206,228,39,46,30,343,76
1709,96,35,31,33,29,128,62
1710,145,58,31,26,31,146,57
1711,0,15,0,13,11,39,24
1712,708,0,74,5,0,79,5
1713,261,184,40,115,63,402,178
1714,52,27,8,23,30,88,53
1715,167,8,0,25,11,44,36
1801,619,154,1,125,157,437,282
1802,647,508,33,435,438,1414,873
1803,51,127,0,114,125,366,239
1804,53,0,57,37,8,102,45
1805,141,302,2,466,534,1304,1000
1806,1326,713,120,708,845,2386,1553
1807,31,38,2,47,28,115,75
1808,1939,766,61,710,829,2366,1539
1809,127,151,11,135,160,457,295
1810,207,461,59,649,729,1898,1378
1811,39,0,163,25,14,202,39
1812,0,21,0,32,0,53,32
1813,464,307,73,339,394,1113,733
1814,44,0,298,69,21,388,90
1815,29,82,0,30,90,202,120
1816,149,82,40,131,127,380,258
1817,18,25,0,47,9,81,56
1818,174,153,103,75,53,384,128
1819,13,0,66,23,18,107,41
1820,468,543,58,448,538,1587,986
1821,51,206,18,203,215,642,418
1901,0,7,0,30,19,56,49
1902,4,55,5,60,80,200,140
1903,5,13,1,29,27,70,56
1904,1,33,24,79,97,233,176
1905,49,36,27,62,89,214,151
1906,191,9,17,49,255,330,304
1907,19,29,20,45,52,146,97
1908,12,20,0,55,65,140,120
1909,4,14,11,34,64,123,98
1910,12,44,7,63,71,185,134
1911,48,18,18,100,520,656,620
1912,19,93,47,94,258,492,352
1913,2,27,0,36,45,108,81
1914,28,9,0,36,44,89,80
1915,426,24,151,112,61,348,173
1916,63,13,4,29,33,79,62
1917,9,13,5,30,34,82,64
1918,375,76,27,184,294,581,478
1919,15,15,5,43,154,217,197
1920,36,15,0,34,40,89,74
1921,23,0,3,10,16,29,26
1922,6,60,37,84,312,493,396
1923,0,0,0,0,0,0,0
1924,0,35,4,73,82,194,155
2001,266,183,7,213,170,573,383
2002,116,92,33,117,123,365,240
2003,326,148,86,231,209,674,440
2004,6644,0,5231,0,0,5231,0
2005,26,45,14,67,81,207,148
2006,105,19,36,44,36,135,80
2007,4,0,232,0,0,232,0
2008,0,83,0,130,141,354,271
2009,1077,209,408,318,257,1192,575
2010,6,123,123,109,123,478,232
2011,8,135,56,131,127,449,258
2012,1318,0,796,0,0,796,0
2013,1172,70,141,0,0,211,0
2014,479,0,197,0,0,197,0
2015,4,0,68,36,23,127,59
2016,199,182,89,183,253,707,436
2017,262,135,0,173,145,453,318
2018,255,171,149,365,375,1060,740
2019,862,233,357,297,204,1091,501
2020,231,139,66,321,434,960,755
2021,107,0,18,7,1,26,8
2101,54,13,53,29,56,151,85
2102,24,13,13,21,18,65,39
2103,72,0,6,4,30,40,34
2104,59,12,0,34,41,87,75
2105,19,11,0,38,105,154,143
2106,22,6,0,32,89,127,121
2107,77,41,0,72,227,340,299
2108,187,62,131,64,62,319,126
2109,19,6,2,28,27,63,55
2110,9,47,0,58,141,246,199
2111,0,8,3,24,27,62,51
2112,4,10,0,29,34,73,63
2113,14,14,10,25,27,76,52
2114,18,7,0,26,45,78,71
2115,138,56,0,48,47,151,95
2116,44,3,20,43,99,165,142
2117,13,2,25,29,95,151,124
2119,1031,0,177,0,0,177,0
2120,24,47,8,34,66,155,100
2121,135,0,9,15,27,51,42
2122,46,48,7,45,153,253,198
2123,16,16,59,4,295,374,299
